6 8 3 4 5 2 7 0 1
6 8 3 4 0 2 7 5 1
6 0 3 4 8 2 7 5 1
0 6 3 4 8 2 7 5 1
4 6 3 0 8 2 7 5 1
4 6 3 7 8 2 0 5 1
4 6 3 7 8 2 5 0 1
4 6 3 7 8 2 5 1 0
4 6 3 7 8 0 5 1 2
4 6 0 7 8 3 5 1 2
4 0 6 7 8 3 5 1 2
4 8 6 7 0 3 5 1 2
4 8 6 0 7 3 5 1 2
4 8 6 5 7 3 0 1 2
4 8 6 5 7 3 1 0 2
4 8 6 5 7 3 1 2 0
4 8 6 5 7 0 1 2 3
4 8 0 5 7 6 1 2 3
4 0 8 5 7 6 1 2 3
4 7 8 5 0 6 1 2 3
4 7 8 0 5 6 1 2 3
4 7 8 1 5 6 0 2 3
4 7 8 1 5 6 2 0 3
4 7 8 1 5 6 2 3 0
4 7 8 1 5 0 2 3 6
4 7 0 1 5 8 2 3 6
4 0 7 1 5 8 2 3 6
0 4 7 1 5 8 2 3 6
1 4 7 0 5 8 2 3 6
1 4 7 2 5 8 0 3 6
1 4 7 2 5 8 3 0 6
1 4 7 2 5 8 3 6 0
